Date,TP KTF10,TP KTF101,TP KTF11,TP KTF12,TP KTF17,TP KTF17 EUR,TP KTF17 USD,TP KTF18,TP KTFTUK,TP KTFTUK01,,,,
04-01-2002,74,83,,60,75,54,84,62,82,13,,,,
11-01-2002,78,18,,56,20,44,25,56,49,7,,,,
18-01-2002,75,3,,53,16,42,29,67,14,7,,,,
25-01-2002,71,46,,60,71,58,45,50,75,7,,,,
01-02-2002,73,76,,43,19,55,86,54,60,6,,,,
08-02-2002,75,10,,53,57,49,79,62,65,10,,,,
15-02-2002,69,55,,58,50,54,68,55,99,7,,,,
22-02-2002,68,13,,49,72,51,50,60,33,,,,,
01-03-2002,69,78,,48,86,53,81,57,4,11,,,,
08-03-2002,69,97,,50,91,54,28,62,77,6,,,,
15-03-2002,66,0,,49,67,54,85,58,74,7,,,,
22-03-2002,61,94,,52,6,50,19,58,73,8,,,,
29-03-2002,60,9,,50,42,52,43,58,86,6,,,,
05-04-2002,66,86,,51,59,49,85,53,70,7,,,,
12-04-2002,60,82,,50,43,50,57,53,96,10,,,,
19-04-2002,56,86,,47,34,48,13,53,75,7,,,,
26-04-2002,58,39,,45,99,49,46,47,49,13,,,,
03-05-2002,55,60,,44,39,47,79,50,53,8,,,,
10-05-2002,54,23,,41,66,44,5,52,43,8,,,,
17-05-2002,52,6,,41,76,42,79,39,69,9,,,,
24-05-2002,51,3,,42,61,45,18,46,70,6,,,,
31-05-2002,52,66,,39,61,43,68,45,52,10,,,,
07-06-2002,51,68,,40,51,43,43,51,75,6,,,,
14-06-2002,51,82,,44,9,44,37,52,39,6,,,,
21-06-2002,52,64,,44,41,43,52,45,95,6,,,,
28-06-2002,54,87,,46,33,47,56,44,11,5,,,,
05-07-2002,54,91,,47,33,47,34,47,59,5,,,,
12-07-2002,56,43,,50,46,50,17,45,21,5,,,,
19-07-2002,56,72,,52,38,44,88,52,33,8,,,,
26-07-2002,56,94,,49,98,50,65,41,76,5,,,,
02-08-2002,56,45,,50,84,49,95,46,6,4,,,,
09-08-2002,55,76,,50,47,50,55,50,58,7,,,,
16-08-2002,53,90,,47,21,48,27,40,17,5,,,,
23-08-2002,56,2,,47,63,49,16,45,57,5,,,,
30-08-2002,55,10,,33,84,40,63,40,10,6,,,,
06-09-2002,54,27,,46,70,46,86,45,85,6,,,,
13-09-2002,54,33,,47,4,48,5,45,79,5,,,,
20-09-2002,53,99,,47,7,44,78,46,54,5,,,,
27-09-2002,54,0,,44,87,47,4,42,46,8,,,,
04-10-2002,53,44,,45,70,49,4,47,82,11,,,,
11-10-2002,53,85,,47,0,48,81,43,67,5,,,,
18-10-2002,53,98,,46,73,48,85,48,16,10,,,,
25-10-2002,55,7,,46,51,49,67,38,98,5,,,,
01-11-2002,54,11,,45,75,47,95,40,6,7,,,,
08-11-2002,53,88,,46,84,47,1,47,48,3,,,,
15-11-2002,53,62,,46,30,50,56,38,80,4,,,,
22-11-2002,52,65,,45,11,47,77,43,27,4,,,,
29-11-2002,50,80,,43,47,46,70,39,99,4,,,,
06-12-2002,50,77,,42,20,45,26,43,1,3,,,,
13-12-2002,49,70,,40,43,45,8,44,92,6,,,,
20-12-2002,48,90,,39,80,43,51,43,98,6,,,,
27-12-2002,48,56,,38,58,43,37,41,32,5,,,,
03-01-2003,48,51,,38,60,44,62,43,70,4,,,,
10-01-2003,48,85,,39,93,44,7,45,76,7,,,,
17-01-2003,50,6,,40,19,42,88,44,79,7,,,,
24-01-2003,49,41,,41,16,44,20,41,66,7,,,,
31-01-2003,49,76,,41,86,44,37,40,23,6,,,,
07-02-2003,49,53,,43,2,42,36,46,17,4,,,,
14-02-2003,46,73,,42,33,45,21,41,50,9,,,,
21-02-2003,50,21,,43,28,44,28,45,94,4,,,,
28-02-2003,47,62,,40,11,41,39,45,69,7,,,,
07-03-2003,48,48,,43,2,42,20,45,63,9,,,,
14-03-2003,50,66,,44,45,45,74,47,77,4,,,,
21-03-2003,50,94,,45,43,46,46,45,72,6,,,,
28-03-2003,54,36,,50,27,48,99,45,39,4,,,,
04-04-2003,55,4,,48,13,49,38,48,30,5,,,,
11-04-2003,57,3,,51,33,50,66,47,91,4,,,,
18-04-2003,56,46,,51,8,50,94,47,76,8,,,,
25-04-2003,56,40,,49,55,50,24,44,12,7,,,,
02-05-2003,55,44,,47,42,47,91,43,22,6,,,,
09-05-2003,54,9,,47,32,46,50,44,22,4,,,,
16-05-2003,50,32,,46,27,44,53,44,15,8,,,,
23-05-2003,53,49,,45,46,43,44,43,18,6,,,,
30-05-2003,55,84,,45,26,44,43,44,92,4,,,,
06-06-2003,48,35,,45,15,42,7,41,2,6,,,,
13-06-2003,48,86,,43,67,44,22,42,44,5,,,,
20-06-2003,49,69,,43,76,43,92,42,69,4,,,,
27-06-2003,47,39,,42,42,43,9,42,52,4,,,,
04-07-2003,46,56,,42,4,42,27,40,87,5,,,,
11-07-2003,46,60,,41,61,40,60,41,14,4,,,,
18-07-2003,46,62,,42,15,39,1,41,43,4,,,,
25-07-2003,48,72,,41,95,41,46,36,40,6,,,,
01-08-2003,47,78,,41,11,40,97,38,53,5,,,,
08-08-2003,48,96,,40,97,40,26,37,92,4,,,,
15-08-2003,46,77,,40,13,39,12,34,3,4,,,,
22-08-2003,45,44,,37,68,38,22,36,59,4,,,,
29-08-2003,43,92,,35,92,37,62,40,96,6,,,,
05-09-2003,45,67,,35,80,37,86,35,70,8,,,,
12-09-2003,45,26,,35,5,37,82,37,77,7,,,,
19-09-2003,41,28,,33,89,38,74,38,27,3,,,,
26-09-2003,39,61,,34,18,36,68,35,57,2,,,,
03-10-2003,39,61,,33,79,35,94,35,34,4,,,,
10-10-2003,39,73,,33,29,35,29,35,92,3,,,,
17-10-2003,39,67,,28,96,32,99,34,57,5,,,,
24-10-2003,36,23,,28,48,32,18,34,12,4,,,,
31-10-2003,35,49,,28,12,32,52,32,18,4,,,,
07-11-2003,34,37,,28,79,30,14,33,87,4,,,,
14-11-2003,33,98,,28,9,31,27,32,60,4,,,,
21-11-2003,35,43,,30,44,31,33,32,16,6,,,,
28-11-2003,31,51,,28,0,32,9,32,41,5,,,,
05-12-2003,33,73,,28,11,30,68,31,32,4,,,,
12-12-2003,33,83,,28,12,30,38,32,39,4,,,,
19-12-2003,33,33,,28,26,29,91,33,14,5,,,,
26-12-2003,34,7,,28,64,29,54,32,19,4,,,,
02-01-2004,33,86,,28,3,29,33,30,78,3,,,,
09-01-2004,35,62,,27,83,28,81,31,18,4,,,,
16-01-2004,32,98,,26,52,28,76,30,46,4,,,,
23-01-2004,31,97,,26,49,28,21,31,58,4,,,,
30-01-2004,32,68,,26,24,27,55,29,35,6,,,,
06-02-2004,30,97,,26,36,27,68,28,88,5,,,,
13-02-2004,31,82,,25,57,26,70,29,53,3,,,,
20-02-2004,31,24,,25,44,26,16,28,63,4,,,,
27-02-2004,31,4,,25,21,26,43,27,53,4,,,,
05-03-2004,30,61,,24,99,26,26,26,97,4,,,,
12-03-2004,32,58,,28,57,25,97,27,80,4,,,,
19-03-2004,30,35,,24,2,25,22,27,76,4,,,,
26-03-2004,29,62,,24,8,25,8,32,46,6,,,,
02-04-2004,29,35,,23,56,24,76,26,67,,,,,
09-04-2004,30,45,,23,17,24,41,26,83,6,,,,
16-04-2004,28,65,,22,78,24,5,26,85,4,,,,
23-04-2004,28,22,,22,64,23,90,26,30,2,,,,
30-04-2004,27,79,,22,37,23,87,24,38,3,,,,
07-05-2004,28,30,,22,76,24,21,27,25,5,,,,
14-05-2004,28,26,,23,51,24,93,27,63,4,,,,
21-05-2004,29,67,,25,21,27,55,26,65,4,,,,
28-05-2004,30,70,,27,31,29,17,24,80,4,,,,
04-06-2004,33,4,,26,91,29,93,26,72,6,,,,
11-06-2004,34,15,,28,1,31,36,27,5,5,,,,
18-06-2004,33,61,,29,18,31,28,27,82,3,,,,
25-06-2004,33,89,,29,20,31,48,27,94,3,,,,
02-07-2004,34,10,,28,32,30,88,26,25,4,,,,
09-07-2004,33,94,,29,7,30,81,27,63,4,,,,
16-07-2004,33,15,,28,62,30,88,27,1,3,,,,
23-07-2004,32,47,,29,7,30,38,27,4,3,,,,
30-07-2004,32,48,,28,21,29,81,25,14,3,,,,
06-08-2004,32,89,,27,80,29,81,25,53,6,,,,
13-08-2004,32,2,,28,7,29,77,25,26,5,,,,
20-08-2004,32,39,,28,72,30,7,26,90,3,,,,
27-08-2004,32,69,,28,40,30,16,23,5,4,,,,
03-09-2004,33,17,,27,62,29,94,25,19,4,,,,
10-09-2004,33,24,,28,39,29,74,25,70,6,,,,
17-09-2004,32,38,,28,10,29,59,24,62,4,,,,
24-09-2004,32,0,,27,95,29,62,26,20,4,,,,
01-10-2004,32,56,,27,88,29,72,24,10,3,,,,
08-10-2004,32,15,,27,94,29,49,25,58,4,,,,
15-10-2004,31,70,,27,63,29,35,24,74,4,,,,
22-10-2004,31,16,,27,1,26,58,25,74,5,,,,
29-10-2004,31,6,,26,31,28,59,21,49,5,,,,
05-11-2004,30,60,,26,1,27,48,24,46,3,,,,
12-11-2004,30,59,,25,57,26,94,24,96,5,,,,
19-11-2004,30,0,,25,52,27,4,23,66,4,,,,
26-11-2004,31,28,,25,46,26,44,21,90,6,,,,
03-12-2004,31,33,,25,26,26,56,25,53,5,,,,
10-12-2004,31,5,,25,6,26,17,26,21,5,,,,
17-12-2004,30,62,,24,79,25,90,27,61,4,,,,
24-12-2004,30,69,,24,45,25,49,25,78,4,,,,
31-12-2004,31,45,,24,7,25,19,25,3,5,,,,
07-01-2005,29,98,,24,65,22,83,26,23,5,,,,
14-01-2005,30,27,,23,95,22,39,24,31,4,,,,
21-01-2005,29,35,,23,1,22,5,25,71,,,,,
28-01-2005,29,14,,22,36,21,18,22,20,5,,,,
04-02-2005,28,12,,21,93,20,97,23,52,4,,,,
11-02-2005,25,84,,21,70,20,60,22,30,3,,,,
18-02-2005,25,25,,21,13,20,27,22,64,6,,,,
25-02-2005,25,66,,20,44,19,79,23,48,5,,,,
04-03-2005,27,15,,19,99,19,23,22,54,6,,,,
11-03-2005,27,56,,20,4,18,99,23,73,5,,,,
18-03-2005,24,89,,19,69,18,68,23,94,3,,,,
25-03-2005,25,25,,19,48,18,54,26,52,3,,,,
01-04-2005,25,34,,19,10,18,44,21,3,5,,,,
08-04-2005,25,18,,19,27,18,26,22,40,3,,,,
15-04-2005,24,88,,18,89,18,25,21,37,5,,,,
22-04-2005,25,23,,18,58,18,29,22,77,5,,,,
29-04-2005,25,2,,18,39,18,15,20,17,5,,,,
06-05-2005,25,3,,18,39,18,15,20,66,4,,,,
13-05-2005,24,92,,18,52,18,8,20,32,4,,,,
20-05-2005,24,76,,18,15,18,2,19,55,5,,,,
27-05-2005,25,20,,18,14,17,92,19,34,4,,,,
03-06-2005,24,99,,18,30,17,92,19,92,4,,,,
10-06-2005,25,38,,18,38,17,91,20,76,5,,,,
17-06-2005,24,54,,17,90,16,93,20,70,5,,,,
24-06-2005,24,67,,17,48,16,61,20,68,3,,,,
01-07-2005,25,12,,18,28,16,40,18,90,3,,,,
08-07-2005,24,85,,17,2,16,22,18,60,4,,,,
15-07-2005,25,68,,17,0,15,99,19,80,5,,,,
22-07-2005,25,56,,16,76,15,96,20,19,4,,,,
29-07-2005,24,15,,18,0,16,0,19,6,5,,,,
05-08-2005,24,33,,16,29,15,96,18,99,5,,,,
12-08-2005,24,83,,16,38,15,90,18,99,5,,,,
19-08-2005,23,88,,20,9,17,45,17,53,4,,,,
26-08-2005,23,97,,19,88,17,27,17,71,3,,,,
02-09-2005,23,68,,19,66,17,27,18,91,5,,,,
09-09-2005,23,84,,20,5,17,20,20,55,3,,,,
16-09-2005,23,68,,19,92,17,21,19,60,4,,,,
23-09-2005,23,74,,19,67,17,6,20,13,4,,,,
30-09-2005,23,55,,19,46,16,68,18,34,4,,,,
07-10-2005,22,80,,19,46,16,34,19,34,5,,,,
14-10-2005,22,54,,19,47,16,32,19,33,3,,,,
21-10-2005,22,87,,19,39,16,54,20,13,4,,,,
28-10-2005,22,17,,19,6,16,26,19,69,4,,,,
04-11-2005,21,26,,18,71,15,80,17,80,4,,,,
11-11-2005,21,70,,19,55,16,13,18,44,3,,,,
18-11-2005,21,87,,19,19,16,1,15,88,3,,,,
25-11-2005,21,62,,18,56,15,68,17,43,5,,,,
02-12-2005,22,26,,18,42,16,6,19,0,5,,,,
09-12-2005,21,17,,18,44,15,72,18,72,4,,,,
16-12-2005,21,87,,18,0,15,59,19,39,3,,,,
23-12-2005,21,66,,17,58,15,35,19,27,5,,,,
30-12-2005,21,35,,16,78,15,10,16,57,4,,,,
06-01-2006,21,19,,17,36,15,10,19,50,3,,,,
13-01-2006,,,,,,,,,,,,,,
20-01-2006,21,39,,18,18,15,35,21,12,4,,,,
27-01-2006,21,48,,17,80,15,11,17,32,4,,,,
03-02-2006,21,38,,17,51,15,1,20,55,4,,,,
10-02-2006,21,36,,17,92,14,91,18,75,4,,,,
17-02-2006,21,5,,17,77,15,0,19,64,5,,,,
24-02-2006,20,96,,17,24,14,66,17,40,4,,,,
03-03-2006,21,8,,17,28,14,98,16,64,4,,,,
10-03-2006,20,87,,17,27,14,86,17,28,4,,,,
17-03-2006,21,13,,17,22,14,73,16,85,4,,,,
24-03-2006,20,83,,16,65,14,56,17,53,4,,,,
31-03-2006,20,65,,16,10,14,47,16,1,4,,,,
07-04-2006,20,45,,16,40,14,7,17,15,4,,,,
14-04-2006,19,99,,16,14,14,27,17,6,3,,,,
21-04-2006,19,71,,16,19,14,15,17,55,4,,,,
28-04-2006,18,39,,13,55,13,29,16,28,4,,,,
05-05-2006,20,62,,13,47,13,90,16,60,4,,,,
12-05-2006,18,90,,13,67,13,81,16,23,3,,,,
19-05-2006,18,98,,13,48,14,22,15,83,4,,,,
26-05-2006,19,14,,13,96,14,76,15,40,4,,,,
02-06-2006,20,17,,14,58,15,69,15,97,4,,,,
09-06-2006,21,36,,16,36,16,63,16,65,4,,,,
16-06-2006,22,5,,17,25,17,29,17,25,5,,,,
23-06-2006,22,23,,18,66,18,23,17,76,4,,,,
30-06-2006,25,57,,20,84,18,54,19,22,4,,,,
07-07-2006,27,45,,22,43,20,68,20,15,4,,,,
14-07-2006,27,76,,23,6,21,80,19,50,4,,,,
21-07-2006,27,82,,23,35,21,29,20,27,5,,,,
28-07-2006,28,4,,22,71,20,90,19,38,5,,,,
04-08-2006,27,99,,22,35,21,14,20,18,5,,,,
11-08-2006,28,17,,22,66,21,83,20,2,5,,,,
18-08-2006,27,94,,22,51,22,2,19,70,4,,,,
25-08-2006,27,73,,22,22,21,83,20,0,5,,,,
01-09-2006,27,44,,21,41,21,55,18,92,4,,,,
08-09-2006,27,16,,21,78,21,96,19,85,5,,,,
15-09-2006,26,97,,21,54,21,63,19,81,4,,,,
22-09-2006,26,80,,21,45,21,96,20,56,4,,,,
29-09-2006,26,93,,21,30,21,66,19,77,5,,,,
06-10-2006,26,94,,21,55,21,54,20,43,4,,,,
13-10-2006,26,40,,21,66,21,65,19,87,5,,,,
20-10-2006,26,17,,21,77,21,83,20,86,5,,,,
27-10-2006,26,86,,22,4,21,57,20,9,6,,,,
03-11-2006,26,61,,22,6,21,42,20,71,5,,,,
10-11-2006,26,73,,21,95,21,79,21,11,5,,,,
17-11-2006,26,54,,21,79,21,62,19,73,5,,,,
24-11-2006,25,24,,21,50,20,97,20,80,4,,,,
01-12-2006,24,9,,21,45,19,47,19,67,4,,,,
08-12-2006,25,76,,20,88,19,67,20,49,5,,,,
15-12-2006,25,15,,21,4,19,85,19,78,5,,,,
22-12-2006,25,26,,20,81,21,9,19,95,5,,,,
29-12-2006,25,25,,20,46,21,53,19,40,6,,,,
05-01-2007,25,16,,20,52,21,45,18,22,6,,,,
12-01-2007,25,36,,21,53,21,30,19,83,5,,,,
19-01-2007,25,72,,21,52,21,30,20,35,6,,,,
26-01-2007,25,75,,21,51,21,30,18,66,5,,,,
02-02-2007,25,21,,21,42,21,19,19,97,6,,,,
09-02-2007,24,88,,21,74,20,38,20,12,6,,,,
16-02-2007,24,45,,21,26,19,78,19,43,6,,,,
23-02-2007,24,77,,20,93,19,68,19,49,7,,,,
02-03-2007,24,80,,20,53,19,68,19,11,5,,,,
09-03-2007,24,63,,20,60,19,47,19,94,5,,,,
16-03-2007,24,38,,20,27,19,48,19,37,5,,,,
23-03-2007,24,42,,20,11,19,23,18,93,6,,,,
30-03-2007,24,65,,19,80,19,42,19,14,6,,,,
06-04-2007,24,19,,19,85,19,10,19,40,7,,,,
13-04-2007,23,56,,19,92,19,18,19,12,6,,,,
20-04-2007,22,94,,19,73,19,36,21,21,6,,,,
27-04-2007,23,10,,19,70,19,54,19,19,5,,,,
04-05-2007,23,10,,19,64,19,8,19,15,5,,,,
11-05-2007,23,23,,19,89,19,14,18,85,5,,,,
18-05-2007,22,75,,19,69,18,67,18,98,7,,,,
25-05-2007,23,25,,19,53,18,7,19,64,5,,,,
01-06-2007,23,33,,19,21,18,11,18,12,5,,,,
08-06-2007,23,87,,19,57,17,98,18,98,5,,,,
15-06-2007,24,6,,19,78,18,11,18,67,5,,,,
22-06-2007,23,37,,19,53,18,8,19,18,5,,,,
29-06-2007,23,9,,19,54,17,88,18,99,6,,,,
06-07-2007,22,88,,19,46,17,59,19,12,6,,,,
13-07-2007,22,57,,19,48,17,66,18,56,5,,,,
20-07-2007,22,36,,19,44,17,31,18,88,6,,,,
27-07-2007,24,35,,18,98,17,15,18,93,6,,,,
03-08-2007,22,37,,18,72,17,6,18,10,5,,,,
10-08-2007,22,17,,18,75,17,3,18,78,6,,,,
17-08-2007,21,88,,18,60,16,98,17,82,6,,,,
24-08-2007,21,99,,18,53,17,5,18,87,6,,,,
31-08-2007,21,94,,18,48,17,48,17,41,6,,,,
07-09-2007,21,99,,18,32,17,46,18,79,6,,,,
14-09-2007,21,89,,18,59,17,59,18,47,5,,,,
21-09-2007,24,59,,18,56,17,49,18,19,6,,,,
28-09-2007,21,55,,18,41,17,79,17,90,6,,,,
05-10-2007,21,11,,18,43,17,43,18,44,5,,,,
12-10-2007,20,74,,18,41,17,66,18,72,6,,,,
19-10-2007,21,24,,18,39,16,81,17,45,6,,,,
26-10-2007,22,16,,18,15,17,17,17,24,5,,,,
02-11-2007,22,38,,17,86,17,85,17,96,6,,,,
09-11-2007,21,99,,18,0,17,3,18,6,6,,,,
16-11-2007,20,82,,17,90,16,68,16,90,6,,,,
23-11-2007,20,38,,17,43,16,57,17,78,5,,,,
30-11-2007,20,15,,17,4,16,58,16,46,6,,,,
07-12-2007,20,15,,16,99,16,52,17,92,6,,,,
14-12-2007,19,53,,16,85,16,61,17,10,6,,,,
21-12-2007,19,30,,16,77,16,77,18,5,6,,,,
28-12-2007,19,22,,16,53,16,21,17,26,6,,,,
04-01-2008,19,66,,16,46,16,80,17,24,6,,,,
11-01-2008,19,86,,17,3,16,51,16,69,6,,,,
18-01-2008,19,95,,16,83,16,46,17,13,6,,,,
25-01-2008,19,86,,16,85,16,25,18,0,6,,,,
01-02-2008,19,98,,16,88,16,29,16,85,6,,,,
08-02-2008,19,49,,16,85,16,13,17,69,6,,,,
15-02-2008,20,4,,16,98,16,38,16,56,6,,,,
22-02-2008,19,85,,17,3,16,51,17,23,6,,,,
29-02-2008,20,32,,16,96,16,62,15,92,7,,,,
07-03-2008,20,69,,17,51,16,63,17,23,6,,,,
14-03-2008,20,44,,17,28,16,74,16,48,6,,,,
21-03-2008,20,59,,17,99,17,50,17,49,6,,,,
28-03-2008,20,79,,18,25,18,24,16,95,5,,,,
04-04-2008,21,9,,18,48,18,12,17,54,6,,,,
11-04-2008,21,44,,18,99,17,99,17,2,6,,,,
18-04-2008,20,62,,18,97,17,98,17,68,7,,,,
25-04-2008,20,84,,18,61,18,14,17,33,4,,,,
02-05-2008,20,60,,18,57,17,99,16,51,5,,,,
09-05-2008,20,72,,19,2,17,66,17,42,6,,,,
16-05-2008,20,59,,18,86,17,55,17,96,6,,,,
23-05-2008,20,76,,18,72,16,95,17,89,6,,,,
30-05-2008,21,9,,18,71,17,11,17,75,6,,,,
06-06-2008,20,83,,18,80,17,24,17,74,6,,,,
13-06-2008,20,93,,18,96,17,38,17,89,6,,,,
20-06-2008,21,19,,19,16,17,68,18,76,6,,,,
27-06-2008,22,3,,19,22,18,11,18,0,6,,,,
04-07-2008,21,57,,19,50,18,17,18,80,7,,,,
11-07-2008,21,71,,20,25,18,87,17,99,7,,,,
18-07-2008,21,54,,20,31,19,20,18,86,6,,,,
25-07-2008,22,2,,20,13,19,46,18,96,6,,,,
01-08-2008,22,64,,19,83,19,42,18,66,7,,,,
08-08-2008,22,51,,20,3,19,10,18,52,6,,,,
15-08-2008,22,27,,20,0,18,89,18,22,6,,,,
22-08-2008,21,92,,19,88,19,20,18,37,7,,,,
29-08-2008,21,47,,19,70,18,82,17,96,7,,,,
05-09-2008,22,3,,19,78,19,3,18,36,7,,,,
12-09-2008,21,87,,19,56,18,60,18,29,7,,,,
19-09-2008,20,66,,19,52,18,26,19,16,7,,,,
26-09-2008,20,37,,19,35,18,16,18,31,7,,,,
03-10-2008,21,19,,19,46,18,61,18,69,8,,,,
10-10-2008,21,44,,19,73,18,32,19,79,9,,,,
17-10-2008,22,41,,20,82,18,85,20,90,9,,,,
24-10-2008,22,95,,21,14,19,76,21,41,10,,,,
31-10-2008,23,72,,21,85,20,89,21,44,11,,,,
07-11-2008,24,93,,23,58,22,29,21,99,11,,,,
14-11-2008,26,30,,24,30,22,57,22,40,10,,,,
21-11-2008,25,2,,24,36,22,74,22,99,11,,,,
28-11-2008,24,9,,23,95,23,16,22,37,8,,,,
05-12-2008,24,78,,24,6,22,98,23,10,12,,,,
12-12-2008,24,74,,23,58,22,61,20,84,10,,,,
19-12-2008,24,81,,21,44,22,15,23,45,8,,,,
26-12-2008,23,55,,22,54,21,78,22,30,9,,,,
02-01-2009,26,26,,21,59,20,67,22,80,10,,,,
09-01-2009,23,58,,22,85,19,83,22,74,9,,,,
16-01-2009,22,58,,22,17,18,92,21,42,8,,,,
23-01-2009,21,9,,21,11,18,23,20,69,8,,,,
30-01-2009,20,78,,20,53,17,60,21,36,8,,,,
06-02-2009,20,84,,21,36,18,36,20,49,8,,,,
13-02-2009,22,2,,21,29,18,21,19,86,7,,,,
20-02-2009,21,52,,20,45,18,24,18,54,7,,,,
27-02-2009,21,51,,20,41,18,3,17,75,7,,,,
06-03-2009,22,66,,20,27,18,23,19,2,8,,,,
13-03-2009,22,37,,20,74,18,44,18,74,8,,,,
20-03-2009,22,3,,20,9,18,39,18,12,7,,,,
27-03-2009,20,14,,19,18,18,3,16,81,7,,,,
03-04-2009,18,57,,18,66,17,47,16,77,7,,,,
10-04-2009,18,85,,18,72,17,40,16,23,6,,,,
17-04-2009,19,22,,18,77,17,8,14,98,7,,,,
24-04-2009,19,41,,18,36,17,9,14,98,7,,,,
01-05-2009,19,18,,18,47,16,98,13,84,9,,,,
08-05-2009,20,30,,18,48,16,79,14,8,7,,,,
15-05-2009,20,48,,18,30,16,79,14,21,7,,,,
22-05-2009,20,43,,18,43,16,69,14,38,7,,,,
29-05-2009,19,69,,17,97,16,55,13,87,6,,,,
05-06-2009,20,55,,18,22,16,42,13,65,6,,,,
12-06-2009,20,52,,17,88,16,35,13,28,7,,,,
19-06-2009,20,28,,18,23,16,29,13,1,6,,,,
26-06-2009,20,13,,18,64,16,26,12,93,6,,,,
03-07-2009,19,92,,18,16,16,19,13,75,6,,,,
10-07-2009,19,95,,18,54,16,8,13,0,6,,,,
17-07-2009,19,68,,18,46,15,99,13,3,6,,,,
24-07-2009,19,66,,18,25,15,69,13,12,6,,,,
31-07-2009,19,47,,17,71,15,69,12,88,7,,,,
07-08-2009,19,24,,17,60,15,61,12,93,5,,,,
14-08-2009,18,82,,16,95,15,24,12,28,4,,,,
21-08-2009,18,97,,16,80,14,78,11,91,5,,,,
28-08-2009,17,24,,16,22,13,75,11,28,4,,,,
04-09-2009,16,74,,15,96,13,11,11,40,5,,,,
11-09-2009,16,57,,15,97,12,96,10,89,5,,,,
18-09-2009,16,27,,15,56,12,96,10,84,5,,,,
25-09-2009,16,21,,15,17,12,94,11,13,4,,,,
02-10-2009,16,52,,14,90,12,93,11,22,4,,,,
09-10-2009,17,17,,15,31,12,85,10,37,5,,,,
16-10-2009,17,25,,15,31,12,71,10,37,5,,,,
23-10-2009,17,48,,15,6,12,42,10,4,5,,,,
30-10-2009,16,75,,14,53,12,29,10,70,4,,,,
06-11-2009,16,36,,14,36,12,21,9,92,6,,,,
13-11-2009,15,6,,14,39,12,6,9,61,5,,,,
20-11-2009,14,34,,13,71,12,10,9,76,5,,,,
27-11-2009,14,26,,13,80,12,9,9,81,5,,,,
04-12-2009,14,83,,13,70,12,24,10,12,6,,,,
11-12-2009,14,94,,13,19,12,30,9,62,4,,,,
18-12-2009,15,31,,12,96,12,23,9,8,4,,,,
25-12-2009,15,19,,12,68,12,21,9,6,4,,,,
01-01-2010,14,89,,12,36,12,6,9,24,4,,,,
08-01-2010,15,13,,12,88,12,24,9,14,4,,,,
15-01-2010,15,9,,13,73,12,16,9,23,5,,,,
22-01-2010,14,78,,13,63,12,23,9,17,3,,,,
29-01-2010,14,89,,13,31,11,96,9,53,4,,,,
05-02-2010,14,72,,13,63,12,4,8,75,3,,,,
12-02-2010,14,53,,13,36,12,2,9,5,3,,,,
19-02-2010,14,27,,13,22,11,97,8,61,4,,,,
26-02-2010,14,23,,12,88,11,87,8,92,4,,,,
05-03-2010,14,87,,12,99,11,75,8,58,4,,,,
12-03-2010,14,78,,12,92,11,85,8,82,3,,,,
19-03-2010,14,52,,12,74,11,78,8,56,4,,,,
26-03-2010,14,4,,12,26,11,63,8,83,3,,,,
02-04-2010,13,99,,11,98,11,49,9,57,4,,,,
09-04-2010,14,21,,12,16,11,49,9,6,3,,,,
16-04-2010,13,87,,12,4,11,43,9,54,3,,,,
23-04-2010,14,13,,12,5,11,57,9,38,3,,,,
30-04-2010,13,86,,11,83,11,52,9,26,4,,,,
07-05-2010,14,15,,11,31,11,32,8,63,4,,,,
14-05-2010,14,22,,12,2,11,44,8,75,3,,,,
21-05-2010,14,22,,11,89,11,65,9,1,5,,,,
28-05-2010,14,19,,11,74,11,61,9,23,3,,,,
04-06-2010,14,20,,11,70,11,50,8,72,5,,,,
11-06-2010,14,7,,11,88,11,32,9,20,4,,,,
18-06-2010,14,21,,11,77,11,26,9,8,4,,,,
25-06-2010,13,97,,11,65,11,10,9,50,4,,,,
02-07-2010,13,91,,11,29,11,5,9,42,4,,,,
09-07-2010,13,92,,11,69,11,3,9,7,4,,,,
16-07-2010,13,81,,11,65,10,98,8,97,4,,,,
23-07-2010,13,79,,11,36,10,93,9,0,4,,,,
30-07-2010,13,29,,10,93,10,88,8,85,4,,,,
06-08-2010,13,50,,11,0,10,76,8,84,3,,,,
13-08-2010,13,40,,10,95,10,81,8,85,4,,,,
20-08-2010,12,64,,10,81,10,74,8,99,4,,,,
27-08-2010,12,51,,10,72,10,70,8,65,4,,,,
03-09-2010,12,43,,10,63,10,64,8,91,3,,,,
10-09-2010,12,37,,10,86,10,65,9,15,3,,,,
17-09-2010,12,46,,10,92,10,62,8,45,3,,,,
24-09-2010,12,53,,10,74,10,66,8,73,3,,,,
01-10-2010,12,39,,10,63,10,47,8,99,4,,,,
08-10-2010,12,33,,10,80,10,44,8,70,4,,,,
15-10-2010,12,45,,10,70,10,33,8,66,3,,,,
22-10-2010,12,32,,10,46,10,11,8,62,4,,,,
29-10-2010,12,50,,10,42,10,24,8,75,4,,,,
05-11-2010,12,34,,10,43,10,6,8,92,4,,,,
12-11-2010,12,27,,10,38,9,93,8,69,3,,,,
19-11-2010,,,,,,,,,,,,,,
26-11-2010,12,24,,9,96,9,83,8,29,4,,,,
03-12-2010,12,12,,9,39,9,79,8,72,4,,,,
10-12-2010,12,5,,10,10,9,75,8,49,3,,,,
17-12-2010,11,98,,9,86,9,61,8,35,3,,,,
24-12-2010,11,91,,9,64,9,55,8,39,4,,,,
31-12-2010,11,79,,9,36,9,53,8,39,4,,,,
07-01-2011,11,91,,10,1,9,53,8,47,2,,,,
14-01-2011,12,1,,10,42,9,51,8,34,4,,,,
21-01-2011,11,89,,10,43,9,41,8,60,5,,,,
28-01-2011,11,85,,10,24,9,42,8,25,4,,,,
04-02-2011,11,85,,10,44,9,54,8,66,3,,,,
11-02-2011,11,98,,10,49,9,63,8,38,3,,,,
18-02-2011,11,96,,10,48,9,69,8,48,4,,,,
25-02-2011,11,96,,10,36,9,68,8,69,3,,,,
04-03-2011,11,95,,10,41,9,66,8,65,4,,,,
11-03-2011,12,4,,10,59,9,74,8,53,4,,,,
18-03-2011,11,97,,10,54,9,76,8,50,4,,,,
25-03-2011,12,4,,10,50,9,74,8,92,3,,,,
01-04-2011,12,5,,10,49,9,86,8,99,4,,,,
08-04-2011,12,30,,10,73,9,99,9,16,4,,,,
15-04-2011,12,32,,10,82,10,24,9,22,3,,,,
22-04-2011,12,33,,10,75,10,32,9,19,4,,,,
29-04-2011,12,28,,10,67,10,33,9,41,3,,,,
06-05-2011,12,49,,10,85,10,35,9,71,4,,,,
13-05-2011,12,76,,11,0,10,35,9,61,5,,,,
20-05-2011,12,79,,10,97,10,29,9,94,4,,,,
27-05-2011,12,85,,10,98,10,40,9,42,4,,,,
03-06-2011,12,93,,11,9,10,39,9,89,5,,,,
10-06-2011,13,10,,11,40,10,67,10,0,5,,,,
17-06-2011,13,23,,11,47,10,90,10,15,4,,,,
24-06-2011,13,93,,11,51,11,7,10,62,5,,,,
01-07-2011,15,63,,11,35,11,68,10,98,4,,,,
08-07-2011,16,46,,12,60,11,88,11,80,5,,,,
15-07-2011,16,63,,12,80,12,22,10,78,6,,,,
22-07-2011,16,73,,12,90,12,28,11,83,5,,,,
29-07-2011,17,15,,12,75,12,37,11,79,5,,,,
05-08-2011,17,31,,13,5,12,55,11,89,7,,,,
12-08-2011,17,31,,12,82,12,67,11,77,5,,,,
19-08-2011,17,35,,12,77,12,69,11,84,5,,,,
26-08-2011,17,41,,12,63,12,72,10,38,5,,,,
02-09-2011,17,22,,13,17,12,31,11,27,5,,,,
09-09-2011,17,36,,13,5,12,58,11,90,5,,,,
16-09-2011,17,19,,13,2,12,63,10,52,5,,,,
23-09-2011,17,34,,12,93,12,54,12,14,6,,,,
30-09-2011,17,18,,12,75,12,48,11,82,6,,,,
07-10-2011,17,10,,12,90,12,48,12,12,5,,,,
14-10-2011,17,12,,12,89,12,42,11,64,4,,,,
21-10-2011,17,7,,12,87,12,39,11,88,6,,,,
28-10-2011,17,72,,13,21,12,49,13,39,5,,,,
04-11-2011,19,4,,13,85,13,40,14,66,5,,,,
11-11-2011,19,6,,14,56,14,10,12,48,6,,,,
18-11-2011,19,1,,13,23,14,42,12,61,6,,,,
25-11-2011,19,23,,12,5,14,63,13,85,6,,,,
02-12-2011,19,55,,11,39,14,48,14,2,8,,,,
09-12-2011,19,76,,11,96,14,52,14,38,5,,,,
16-12-2011,19,50,,12,47,14,48,13,9,5,,,,
23-12-2011,19,90,,12,42,14,43,15,2,4,,,,
30-12-2011,19,78,,11,85,14,35,14,89,7,,,,
06-01-2012,20,12,,13,90,14,40,16,4,5,,,,
13-01-2012,20,14,,15,48,14,50,15,30,4,,,,
20-01-2012,19,79,,15,51,14,52,15,80,5,,,,
27-01-2012,19,84,,15,27,14,58,14,5,3,,,,
03-02-2012,19,64,,15,11,14,49,15,73,6,,,,
10-02-2012,19,49,,15,25,14,7,15,55,5,,,,
17-02-2012,19,26,,14,68,13,77,13,68,5,,,,
24-02-2012,19,30,,14,24,13,38,14,50,6,,,,
02-03-2012,19,20,,13,95,13,45,14,51,5,,,,
09-03-2012,19,9,,13,88,13,38,14,20,6,,,,
16-03-2012,18,57,,13,24,13,29,13,92,5,,,,
23-03-2012,18,65,,13,15,13,21,13,91,5,,,,
30-03-2012,18,73,,12,75,13,21,14,38,7,,,,
06-04-2012,18,90,,13,21,13,17,14,73,5,,,,
13-04-2012,18,49,,13,49,13,7,14,41,6,,,,
20-04-2012,18,29,,13,19,13,1,14,37,5,,,,
27-04-2012,18,46,,12,77,12,97,13,22,6,,,,
04-05-2012,18,34,,12,75,12,99,15,4,5,,,,
11-05-2012,18,36,,13,36,12,61,13,41,6,,,,
18-05-2012,18,30,,13,10,12,74,13,44,5,,,,
25-05-2012,18,39,,12,74,12,67,14,30,4,,,,
01-06-2012,18,26,,12,38,12,68,14,16,5,,,,
08-06-2012,18,24,,13,4,12,65,14,38,5,,,,
15-06-2012,17,94,,13,53,12,60,14,22,4,,,,
22-06-2012,17,96,,13,32,12,52,14,67,4,,,,
29-06-2012,18,9,,12,66,12,56,14,11,4,,,,
06-07-2012,17,94,,13,8,12,51,14,48,4,,,,
13-07-2012,17,86,,13,24,12,64,14,37,6,,,,
20-07-2012,17,73,,13,54,12,32,14,50,6,,,,
27-07-2012,17,93,39,62,13,66,12,20,16,97,15,54,31,85
03-08-2012,17,75,37,49,13,66,12,18,15,37,15,40,29,75
10-08-2012,17,62,37,76,13,74,12,14,14,90,15,51,30,77
17-08-2012,17,32,33,88,13,35,12,6,13,40,15,24,27,11
24-08-2012,17,49,45,75,13,28,12,29,15,11,15,67,39,86
31-08-2012,17,21,42,81,12,86,12,5,15,61,15,23,36,14
07-09-2012,16,79,36,94,13,30,12,0,15,13,14,85,29,71
14-09-2012,16,68,36,90,13,22,12,34,14,51,14,81,29,36
21-09-2012,16,52,35,99,12,89,12,13,14,61,14,76,29,7
28-09-2012,16,59,34,44,12,57,11,70,13,35,14,45,26,92
05-10-2012,16,61,39,32,12,86,11,65,14,68,14,43,31,13
12-10-2012,16,43,34,80,12,86,11,27,13,65,14,12,26,78
19-10-2012,16,13,33,69,12,74,11,24,13,66,13,97,25,96
26-10-2012,16,7,41,25,12,62,11,14,9,95,14,7,33,90
02-11-2012,16,18,43,57,12,46,11,3,14,23,14,1,35,95
09-11-2012,16,1,35,40,12,47,10,95,12,95,13,73,27,19
16-11-2012,15,62,32,99,12,9,10,81,11,55,13,48,26,40
23-11-2012,15,58,34,92,11,86,10,64,12,6,13,49,27,58
30-11-2012,15,24,33,33,11,45,10,42,11,80,13,19,25,95
07-12-2012,14,72,37,2,11,35,10,28,12,23,12,70,28,47
14-12-2012,14,31,34,60,11,10,10,15,11,87,12,42,26,38
21-12-2012,14,14,34,77,10,94,10,2,11,72,12,21,26,8
28-12-2012,13,83,31,26,10,66,9,90,10,97,11,92,22,96
04-01-2013,13,90,36,85,10,56,9,90,12,62,11,99,27,88
11-01-2013,14,18,35,36,11,16,9,78,12,2,12,2,26,10
18-01-2013,14,17,33,73,11,34,9,76,11,94,12,9,25,18
25-01-2013,13,97,30,1,11,17,9,66,11,62,12,7,22,92
01-02-2013,13,90,32,80,11,10,9,54,11,74,11,91,24,76
08-02-2013,13,82,29,48,11,15,9,60,12,68,11,90,22,16
15-02-2013,13,66,31,74,10,68,9,61,10,78,11,86,24,95
22-02-2013,13,64,30,12,10,72,9,56,11,85,11,87,23,1
01-03-2013,13,70,31,66,10,54,9,46,11,64,11,91,24,43
08-03-2013,13,61,28,17,10,53,9,41,11,41,11,84,21,66
15-03-2013,13,40,27,63,10,47,9,30,10,53,11,69,21,24
22-03-2013,13,48,31,9,10,50,9,29,11,60,11,77,24,21
29-03-2013,13,43,28,56,10,36,9,7,10,11,11,43,21,8
05-04-2013,13,50,29,65,10,52,9,9,12,11,11,53,22,6
12-04-2013,13,53,28,93,10,37,9,9,10,85,11,55,21,62
19-04-2013,13,33,29,9,10,23,9,6,10,92,11,58,22,40
26-04-2013,13,44,30,24,10,6,8,99,8,84,11,63,23,48
03-05-2013,13,37,30,49,10,8,9,3,9,94,11,49,23,22
10-05-2013,13,10,27,6,10,29,8,99,10,12,11,29,20,39
17-05-2013,12,71,26,46,9,88,8,79,9,39,10,90,19,53
24-05-2013,12,31,26,1,9,68,8,54,9,87,10,67,19,63
31-05-2013,11,87,16,16,9,48,8,48,8,9,10,35,13,26
07-06-2013,11,81,15,97,9,57,8,31,8,95,10,5,12,68
14-06-2013,11,81,15,71,9,71,8,29,9,0,9,97,12,30
21-06-2013,11,88,16,27,9,67,8,29,9,81,10,3,12,74
28-06-2013,11,78,15,70,9,48,8,30,9,27,9,93,12,24
05-07-2013,12,10,16,14,9,78,8,49,10,51,10,39,13,8
12-07-2013,12,35,16,31,10,21,8,78,10,57,10,70,13,38
19-07-2013,12,60,16,72,10,22,9,4,10,75,11,13,14,13
26-07-2013,12,81,16,87,10,18,9,31,10,63,11,46,14,52
02-08-2013,12,84,16,72,10,26,9,51,11,14,11,49,14,34
09-08-2013,12,93,17,49,10,58,9,66,10,41,11,73,15,30
16-08-2013,13,3,18,51,10,68,9,77,10,46,11,86,16,31
23-08-2013,13,32,17,84,10,78,9,92,11,17,12,4,15,59
30-08-2013,13,47,17,63,10,69,10,3,11,61,12,1,15,9
06-09-2013,13,76,17,90,11,41,10,43,11,63,12,52,15,74
13-09-2013,13,95,17,69,11,56,10,70,12,4,12,69,15,53
20-09-2013,14,5,18,20,11,66,10,91,11,29,12,92,16,20
27-09-2013,14,0,17,74,11,21,10,89,10,34,12,85,15,75
04-10-2013,13,99,17,76,11,54,11,0,11,55,12,89,15,86
11-10-2013,13,97,16,87,11,74,10,95,10,57,12,88,15,11
18-10-2013,13,44,21,41,12,13,10,85,10,84,12,83,20,45
25-10-2013,13,85,18,88,11,84,10,90,10,88,12,96,17,32
01-11-2013,13,90,18,32,11,67,10,83,10,80,12,84,16,47
08-11-2013,13,88,17,21,11,80,10,67,11,52,12,69,15,35
15-11-2013,13,75,17,22,11,35,10,58,9,79,12,53,15,17
22-11-2013,13,71,17,71,10,86,10,53,11,16,12,53,15,73
29-11-2013,13,63,17,14,10,74,10,51,10,89,12,37,15,5
06-12-2013,13,53,17,31,11,4,10,56,11,44,12,42,15,37
13-12-2013,13,65,17,35,11,2,10,58,11,52,12,48,15,34
20-12-2013,13,39,17,48,10,99,10,56,11,69,12,34,15,55
27-12-2013,13,72,16,99,10,90,10,73,10,60,12,58,15,12
03-01-2014,14,30,18,99,10,71,10,69,12,89,12,59,16,30
10-01-2014,14,92,19,40,13,25,11,28,12,65,13,56,17,30
17-01-2014,15,17,19,21,13,19,11,37,12,95,13,70,17,10
24-01-2014,15,20,18,99,13,28,11,47,12,94,13,80,16,98
31-01-2014,15,56,18,96,13,77,11,69,14,81,13,92,16,63
07-02-2014,16,62,20,18,15,4,12,53,15,58,14,96,18,7
14-02-2014,16,81,19,97,15,16,13,12,15,35,15,58,18,37
21-02-2014,16,83,20,58,15,14,13,12,15,75,15,54,18,94
28-02-2014,17,5,20,29,15,3,13,35,15,12,15,75,18,65
07-03-2014,17,1,20,25,15,34,13,40,15,72,15,77,18,65
14-03-2014,17,11,20,28,15,20,13,50,15,99,15,77,18,50
21-03-2014,17,24,20,85,15,16,13,49,16,5,15,97,19,25
28-03-2014,17,23,20,7,15,14,13,63,16,49,16,5,18,56
04-04-2014,17,8,20,28,15,18,13,65,15,95,16,0,18,85
11-04-2014,16,96,20,6,15,7,13,61,14,88,15,98,18,74
18-04-2014,16,73,20,41,14,75,13,48,14,86,15,82,19,13
25-04-2014,16,69,20,50,14,64,13,34,14,56,15,65,19,5
02-05-2014,16,80,20,19,14,49,13,21,14,54,15,63,18,60
09-05-2014,16,81,19,85,14,65,13,0,14,89,15,50,18,13
16-05-2014,16,73,19,97,14,34,12,98,13,29,15,45,18,27
23-05-2014,16,55,20,34,14,16,12,84,14,7,15,36,18,75
30-05-2014,16,53,19,58,13,80,12,69,13,97,15,20,17,82
06-06-2014,16,43,19,96,13,95,12,54,14,26,15,2,18,0
13-06-2014,16,7,19,61,13,52,12,34,13,86,14,69,17,63
20-06-2014,15,67,20,23,13,22,12,25,13,94,14,47,18,35
27-06-2014,15,67,19,64,12,53,12,2,11,95,14,33,17,66
04-07-2014,15,58,19,56,12,36,11,75,12,82,14,9,17,39
11-07-2014,15,41,19,45,12,85,11,53,12,98,13,90,17,22
18-07-2014,15,11,19,48,12,99,11,32,13,9,13,73,17,38
25-07-2014,15,17,19,3,12,94,11,24,12,56,13,74,16,92
01-08-2014,14,96,21,66,12,79,11,9,8,54,13,86,20,32
08-08-2014,15,3,19,25,12,98,11,10,12,65,13,65,17,22
15-08-2014,15,8,19,18,12,95,11,6,11,68,13,50,16,81
22-08-2014,15,9,19,74,12,83,11,1,12,93,13,43,17,30
29-08-2014,15,22,19,14,12,65,11,3,12,34,13,47,16,63
05-09-2014,15,1,19,86,12,92,11,2,12,94,13,38,17,38
12-09-2014,14,90,18,71,12,81,10,94,12,74,13,29,16,30
19-09-2014,14,80,19,43,12,62,10,90,12,88,13,23,16,98
26-09-2014,14,72,18,76,12,51,10,77,10,32,13,14,16,36
03-10-2014,14,74,19,54,12,39,10,72,12,68,12,96,16,79
10-10-2014,14,96,20,58,12,66,10,77,12,69,13,28,18,21
17-10-2014,14,88,19,46,12,63,10,81,13,16,13,30,17,8
24-10-2014,15,5,19,37,12,29,10,69,13,14,13,23,16,81
31-10-2014,14,92,19,46,11,89,10,77,12,72,13,25,17,5
07-11-2014,14,98,18,96,12,73,10,94,13,30,13,33,16,57
14-11-2014,14,81,18,53,12,45,10,90,13,24,13,22,16,17
21-11-2014,14,66,19,32,12,23,10,73,12,75,13,13,17,1
28-11-2014,14,27,17,7,12,9,11,8,12,84,13,7,15,17
05-12-2014,14,63,19,3,12,69,11,7,13,10,13,21,16,69
12-12-2014,14,39,18,52,12,70,10,99,12,61,13,9,16,32
19-12-2014,14,23,18,84,12,51,10,96,12,86,13,0,16,67
26-12-2014,14,30,18,66,12,50,11,3,11,15,13,7,16,51
02-01-2015,14,79,18,45,12,33,10,97,13,5,13,69,16,85
09-01-2015,14,96,18,45,13,5,11,8,13,29,13,89,16,90
16-01-2015,14,88,18,32,13,6,11,5,11,62,13,83,16,80
23-01-2015,14,88,18,58,13,3,11,2,13,15,13,84,17,7
30-01-2015,14,81,18,13,13,6,10,91,12,72,13,77,16,64
06-02-2015,14,91,18,47,13,9,10,85,12,99,13,74,16,81
13-02-2015,15,3,18,29,13,10,10,80,12,95,13,75,16,51
20-02-2015,14,79,18,85,13,10,10,79,13,0,13,61,17,11
27-02-2015,14,83,18,36,12,94,10,75,11,89,13,54,16,49
06-03-2015,14,73,18,34,12,81,10,76,13,5,13,44,16,44
13-03-2015,14,71,18,21,12,60,10,75,13,29,13,22,15,99
20-03-2015,14,61,18,54,12,54,10,81,13,21,13,23,16,41
27-03-2015,14,65,18,12,12,36,10,95,11,78,13,48,16,35
03-04-2015,14,79,18,24,12,56,10,96,13,39,13,57,16,42
10-04-2015,14,78,18,12,12,91,10,96,13,15,13,57,16,34
17-04-2015,14,65,18,16,12,88,10,96,12,94,13,48,16,38
24-04-2015,15,13,18,98,12,82,10,98,13,28,13,75,17,0
01-05-2015,15,24,19,0,12,89,11,18,13,10,13,80,16,91
08-05-2015,15,40,18,61,13,28,11,46,13,99,14,12,16,82
15-05-2015,15,45,18,52,13,35,11,58,12,51,14,21,16,79
22-05-2015,15,56,19,53,13,14,11,63,13,49,14,47,17,98
29-05-2015,15,50,18,66,13,3,11,60,13,39,14,25,16,89
05-06-2015,15,44,18,59,13,23,11,63,13,78,14,16,16,77
12-06-2015,15,53,18,56,13,47,11,71,14,17,14,26,16,74
19-06-2015,16,30,19,82,13,49,11,98,14,49,14,96,18,5
26-06-2015,15,43,19,25,13,58,12,14,11,85,14,48,17,76
03-07-2015,15,59,19,66,13,46,12,18,14,32,14,55,18,4
10-07-2015,15,67,19,25,13,71,12,27,14,14,14,72,17,80
17-07-2015,15,82,19,66,13,71,12,29,14,76,14,95,18,38
24-07-2015,15,64,19,94,13,61,12,33,14,1,14,85,18,70
31-07-2015,15,79,19,63,13,52,12,33,11,21,14,80,18,13
07-08-2015,15,79,19,57,13,90,12,42,14,43,14,80,18,5
14-08-2015,15,85,19,36,14,9,12,42,14,61,14,77,17,71
21-08-2015,16,4,19,69,14,2,12,57,14,64,14,92,18,4
28-08-2015,16,50,20,4,14,55,12,93,14,96,15,36,18,36
04-09-2015,16,60,20,26,14,85,13,30,15,36,15,57,18,76
11-09-2015,16,90,20,24,15,20,13,44,14,57,15,73,18,60
18-09-2015,17,8,20,51,15,16,13,81,15,71,16,12,19,13
25-09-2015,17,5,23,10,15,58,13,74,17,1,16,54,22,49
02-10-2015,17,39,21,64,15,68,14,8,16,34,16,41,20,30
09-10-2015,17,68,21,5,15,98,14,26,16,13,16,76,19,80
16-10-2015,17,81,21,26,15,75,14,35,14,81,16,81,19,94
23-10-2015,17,87,21,28,15,96,14,41,15,73,16,88,19,98
30-10-2015,17,74,21,78,15,72,14,41,16,23,16,84,20,57
06-11-2015,17,71,21,33,16,2,14,29,16,4,16,74,20,4
13-11-2015,17,73,20,92,15,90,14,24,15,88,16,80,19,68
20-11-2015,17,46,21,59,15,44,14,11,15,86,16,56,20,31
27-11-2015,17,14,20,84,15,12,13,86,13,98,16,20,19,43
04-12-2015,17,36,21,14,15,20,13,98,15,85,16,36,19,70
11-12-2015,17,28,20,85,15,45,13,97,15,4,16,36,19,47
18-12-2015,17,31,21,8,15,19,14,0,16,10,16,38,19,70
25-12-2015,17,37,20,84,14,87,14,7,15,78,16,42,19,45
01-01-2016,17,29,21,1,14,74,14,8,16,2,16,31,19,53
08-01-2016,17,66,21,58,16,12,14,24,16,28,16,74,20,26
15-01-2016,17,67,21,25,16,12,14,29,14,31,16,75,19,92
22-01-2016,17,62,21,47,16,16,14,34,15,87,16,73,20,20
29-01-2016,17,81,21,7,15,97,14,41,16,5,16,90,19,80
05-02-2016,17,90,21,46,16,36,14,47,16,33,17,0,20,20
12-02-2016,17,99,21,25,16,44,14,50,16,49,17,8,19,97
19-02-2016,17,87,21,43,16,24,14,38,16,72,16,94,20,12
26-02-2016,18,1,21,23,16,22,14,43,14,40,17,1,19,85
04-03-2016,18,4,21,39,16,35,14,46,16,63,17,1,19,96
11-03-2016,18,10,21,36,16,40,14,45,15,94,17,6,19,93
18-03-2016,17,96,21,39,16,32,14,46,16,86,16,96,20,0
25-03-2016,18,1,21,38,16,26,14,44,16,10,16,98,19,94
01-04-2016,17,92,21,31,15,87,14,44,16,63,16,88,19,85
08-04-2016,17,95,21,35,16,61,14,46,16,42,16,95,19,94
15-04-2016,17,88,21,22,16,19,14,33,15,17,16,85,19,77
22-04-2016,17,86,21,57,15,78,14,27,15,96,16,85,20,18
29-04-2016,17,66,21,3,15,13,14,13,15,68,16,62,19,57
06-05-2016,17,53,21,7,16,4,14,4,15,96,16,52,19,60
13-05-2016,17,56,20,94,15,62,13,95,16,18,16,46,19,37
20-05-2016,17,51,21,67,15,39,13,91,15,90,16,52,20,29
27-05-2016,17,46,20,73,15,12,13,93,13,95,16,43,19,25
03-06-2016,17,42,20,92,14,96,13,93,15,82,16,34,19,38
10-06-2016,17,38,20,91,15,60,13,77,14,96,16,23,19,26
17-06-2016,17,25,20,78,15,43,13,85,15,43,16,32,19,42
24-06-2016,17,27,20,59,15,21,13,79,15,6,16,37,19,30
01-07-2016,17,22,20,43,15,10,13,74,15,31,16,27,19,7
08-07-2016,17,47,24,18,15,40,13,61,16,56,17,10,23,86
15-07-2016,17,28,20,72,15,40,13,64,14,0,16,52,19,67
22-07-2016,17,38,21,38,15,44,13,63,14,94,16,25,19,79
29-07-2016,17,57,21,9,15,20,13,72,15,17,16,42,19,53
05-08-2016,17,59,21,28,15,88,13,79,15,42,16,59,19,90
12-08-2016,17,60,21,12,15,82,13,31,15,50,16,54,19,76
19-08-2016,17,45,21,22,15,13,12,26,15,6,16,3,19,51
26-08-2016,17,44,20,85,14,96,12,7,12,71,15,64,18,67
02-09-2016,17,46,21,4,14,83,12,3,15,50,15,56,18,75
09-09-2016,17,45,20,28,15,41,12,2,15,1,15,43,17,82
16-09-2016,17,73,24,84,15,33,12,27,12,17,17,1,24,52
23-09-2016,17,25,21,8,15,12,12,7,14,87,15,67,19,18
30-09-2016,16,79,19,99,14,35,12,5,14,71,15,28,18,5
07-10-2016,16,73,19,38,15,25,12,15,15,4,15,58,17,92
14-10-2016,16,80,19,32,14,86,12,12,15,2,15,55,17,75
21-10-2016,16,62,19,75,14,56,12,10,14,48,15,42,18,19
28-10-2016,16,73,19,68,14,27,12,9,14,59,15,43,18,2
04-11-2016,16,43,19,43,14,4,12,0,14,74,15,15,17,77
11-11-2016,16,8,19,9,13,90,11,71,13,55,14,85,17,45
18-11-2016,15,87,19,5,13,47,11,58,13,77,14,70,17,47
25-11-2016,15,96,18,90,13,44,11,48,13,93,14,63,17,16
02-12-2016,16,49,19,50,13,92,11,44,14,66,14,92,17,57
09-12-2016,16,37,19,58,14,27,11,42,14,48,14,84,17,66
16-12-2016,15,94,19,24,14,10,11,40,13,55,14,63,17,51
23-12-2016,16,9,19,46,13,77,11,43,14,15,14,65,17,61
30-12-2016,16,11,19,7,13,26,11,43,14,53,14,51,17,3
06-01-2017,16,22,19,26,15,3,11,43,14,1,14,80,17,60
13-01-2017,16,16,18,90,15,17,11,45,14,12,14,83,17,34
20-01-2017,16,42,19,32,15,27,11,47,14,45,15,7,17,80
27-01-2017,16,63,19,11,15,37,11,46,13,25,15,13,17,45
03-02-2017,16,76,19,38,15,45,11,41,15,8,15,13,17,61
10-02-2017,16,75,19,63,15,85,11,41,14,71,15,21,17,96
17-02-2017,16,66,19,37,15,61,11,41,13,97,15,10,17,65
24-02-2017,16,71,19,21,15,56,11,28,15,2,14,97,17,30
03-03-2017,16,52,19,32,15,36,11,0,15,50,14,68,17,29
10-03-2017,16,74,19,29,15,57,11,9,15,0,14,85,17,23
17-03-2017,16,51,19,25,15,39,11,13,15,35,14,71,17,26
24-03-2017,16,66,19,13,15,42,11,11,15,51,14,79,17,8
31-03-2017,16,67,19,9,15,17,10,95,15,24,14,69,16,94
07-04-2017,16,82,19,29,15,82,11,2,15,46,14,79,17,10
14-04-2017,16,90,19,14,15,88,11,32,15,51,14,96,17,2
21-04-2017,16,84,19,54,15,63,11,31,15,70,15,9,17,67
28-04-2017,16,97,19,16,15,39,11,45,15,78,15,33,17,43
05-05-2017,17,6,19,62,15,89,11,40,16,40,15,45,17,94
12-05-2017,17,21,19,47,15,74,11,50,16,16,15,55,17,74
19-05-2017,17,19,19,87,15,47,11,57,15,61,15,60,18,23
26-05-2017,17,48,19,80,15,35,11,71,14,7,15,85,18,15
02-06-2017,17,43,19,71,14,87,11,63,16,60,15,65,17,88
09-06-2017,17,53,19,72,15,91,11,70,16,69,15,91,18,5
16-06-2017,17,48,19,67,15,55,11,77,15,36,15,94,18,10
23-06-2017,17,38,19,54,15,67,11,72,16,59,15,84,17,95
30-06-2017,16,92,20,8,14,83,11,78,16,47,15,82,19,2
07-07-2017,17,53,19,82,15,85,11,75,17,3,16,6,18,36
14-07-2017,17,62,19,71,16,16,12,2,17,15,16,10,18,14
21-07-2017,17,45,19,95,16,1,12,17,16,94,16,5,18,50
28-07-2017,17,57,19,66,15,87,12,12,16,90,16,7,18,11
04-08-2017,17,74,19,91,15,98,12,8,17,8,16,5,18,19
11-08-2017,17,77,19,88,16,43,12,49,15,72,16,33,18,39
18-08-2017,18,0,20,12,16,30,12,70,15,73,16,68,18,80
25-08-2017,18,11,19,97,16,15,12,69,16,14,16,62,18,47
01-09-2017,18,26,20,93,16,27,12,96,17,29,17,74,20,49
08-09-2017,18,5,20,52,16,50,12,67,17,16,16,68,19,22
15-09-2017,18,3,20,18,16,44,12,89,15,0,16,62,18,74
22-09-2017,18,22,20,46,16,41,12,94,16,79,16,74,19,0
29-09-2017,18,26,20,24,16,20,12,88,16,75,16,53,18,49
06-10-2017,18,43,20,62,16,57,13,4,16,98,17,2,19,27
13-10-2017,18,53,20,55,16,13,13,4,16,88,16,98,19,6
20-10-2017,18,53,20,78,15,24,13,9,16,86,17,6,19,40
27-10-2017,18,66,20,57,14,80,13,1,15,12,17,3,19,4
03-11-2017,18,68,20,71,13,92,13,6,17,11,16,96,19,9
10-11-2017,18,88,20,84,15,39,13,11,16,31,17,20,19,28
17-11-2017,18,85,20,90,14,56,13,16,15,64,17,27,19,44
24-11-2017,18,76,20,74,14,7,13,14,16,83,17,19,19,27
01-12-2017,18,97,20,95,13,42,13,25,17,24,17,27,19,41
08-12-2017,19,27,21,23,15,63,13,14,17,29,17,44,19,61
15-12-2017,19,44,21,29,15,20,13,62,15,81,17,94,19,95
22-12-2017,19,58,21,44,15,1,13,83,17,40,18,9,20,15
29-12-2017,19,52,21,21,13,95,13,78,17,65,17,85,19,71
05-01-2018,19,86,21,93,16,6,14,29,18,5,18,55,20,88
12-01-2018,20,15,21,76,17,75,13,89,17,76,18,59,20,45
19-01-2018,19,89,21,73,18,2,14,30,17,79,18,59,20,64
26-01-2018,20,16,21,77,18,7,14,8,15,18,18,69,20,55
02-02-2018,20,14,21,68,17,96,14,55,18,2,18,83,20,62
09-02-2018,20,27,21,82,18,26,14,68,18,10,19,2,20,75
16-02-2018,20,14,21,82,18,5,14,80,16,55,18,93,20,79
23-02-2018,20,16,21,77,17,75,14,70,17,94,18,88,20,70
02-03-2018,19,70,21,57,17,37,14,64,18,13,18,45,20,47
09-03-2018,19,98,21,63,17,90,14,85,17,81,18,69,20,49
16-03-2018,19,94,21,65,17,62,14,87,16,56,18,80,20,65
23-03-2018,19,86,21,43,17,44,14,63,17,67,18,66,20,39
30-03-2018,19,74,21,29,16,63,14,96,17,88,18,56,20,22
06-04-2018,19,96,21,69,18,1,14,97,17,79,18,76,20,65
13-04-2018,19,98,21,54,18,50,14,68,17,53,18,76,20,47
20-04-2018,20,1,21,77,18,32,14,94,17,60,18,91,20,85
27-04-2018,19,96,21,63,17,91,14,92,16,32,18,83,20,67
04-05-2018,20,7,21,84,18,34,14,57,18,19,18,83,20,83
11-05-2018,20,22,21,84,19,8,14,93,17,23,19,17,20,97
18-05-2018,20,21,21,96,18,77,13,16,17,22,18,30,20,45
25-05-2018,20,25,21,76,19,25,13,2,19,54,18,3,19,90
01-06-2018,20,73,22,11,20,55,13,2,21,28,18,2,19,93
08-06-2018,22,79,23,44,21,91,13,8,21,28,18,92,20,73
15-06-2018,24,26,24,19,22,37,13,16,22,74,19,74,21,36
22-06-2018,23,89,24,3,22,55,13,12,23,56,19,58,21,81
29-06-2018,23,87,23,91,21,30,13,14,23,52,19,61,21,5
06-07-2018,24,40,24,40,23,55,13,46,23,94,20,1,21,53
13-07-2018,24,88,24,65,24,6,15,79,23,99,22,43,23,16
20-07-2018,25,13,24,76,24,36,18,78,24,30,24,12,24,24
27-07-2018,25,43,24,94,24,37,19,48,21,75,24,50,24,44
03-08-2018,25,59,25,73,24,61,19,98,25,0,24,82,25,27
10-08-2018,26,73,26,59,25,35,20,2,25,98,25,87,26,8
17-08-2018,29,90,28,10,26,69,20,25,29,26,28,18,27,37
24-08-2018,31,60,27,48,28,15,11,64,28,79,31,11,27,42
31-08-2018,30,29,28,6,26,97,23,20,32,34,29,82,27,95
07-09-2018,33,82,29,93,31,46,22,79,32,57,32,5,29,40
14-09-2018,35,42,30,53,31,93,24,25,34,17,33,70,30,10
21-09-2018,37,86,30,31,33,85,25,70,35,36,35,50,30,1
28-09-2018,38,53,30,86,32,52,28,0,35,93,37,3,30,73
05-10-2018,39,3,31,2,33,73,29,6,34,99,37,79,30,96
12-10-2018,39,36,31,32,32,74,28,59,35,37,38,27,31,24
19-10-2018,38,72,32,28,31,6,29,1,34,32,37,72,32,18
26-10-2018,37,77,33,1,33,60,29,28,28,92,36,96,32,90
02-11-2018,37,29,32,77,32,30,29,5,32,13,36,47,32,66
09-11-2018,37,13,32,76,32,29,28,40,31,88,36,20,32,64
16-11-2018,36,24,32,39,31,11,28,77,26,44,35,35,32,26
23-11-2018,35,13,32,20,30,40,28,55,29,88,34,40,32,7
30-11-2018,34,70,32,2,28,4,28,38,28,75,33,78,31,81
07-12-2018,34,61,32,12,31,45,28,2,29,20,34,13,32,1
14-12-2018,34,17,32,8,29,90,27,84,28,82,33,62,31,94
21-12-2018,33,21,31,53,28,82,28,4,27,80,32,77,31,42
28-12-2018,32,35,31,43,27,80,27,39,27,24,31,74,31,18
04-01-2019,32,35,31,12,28,48,27,70,27,63,31,94,31,1
11-01-2019,32,75,31,53,30,67,26,46,26,2,32,28,31,37
18-01-2019,30,3,30,40,29,76,25,79,26,86,29,78,30,28
25-01-2019,28,12,29,42,29,16,24,93,24,81,27,97,29,30
01-02-2019,26,61,28,57,28,35,24,65,24,68,26,52,28,44
08-02-2019,26,90,28,74,27,27,23,55,24,19,26,69,28,55
15-02-2019,26,65,28,50,26,11,22,26,21,55,26,31,28,22
22-02-2019,25,51,27,85,25,40,21,47,23,32,25,18,27,53
01-03-2019,24,76,27,4,23,79,20,71,23,37,24,44,26,71
08-03-2019,23,6,25,35,24,19,18,55,23,14,22,76,25,0
15-03-2019,23,8,25,50,23,85,17,28,21,31,22,33,24,72
22-03-2019,23,21,25,80,23,26,17,15,23,23,22,25,24,82
29-03-2019,23,45,25,69,22,83,17,10,24,42,22,7,24,29
05-04-2019,24,83,27,33,24,12,17,12,25,43,22,92,25,74
12-04-2019,25,41,27,0,24,72,17,15,24,92,23,88,25,82
19-04-2019,26,29,27,61,25,64,17,22,26,55,24,37,26,32
